0 0.184955 0.435215 0.0389469 0.0885054
0 0.591986 0.775816 0.0366555 0.111844
0 0.681746 0.34299 0.0287327 0.0861721
0 0.315446 0.409562 0.0321485 0.0854553
0 0.887303 0.540862 0.0368145 0.0958474
0 0.747664 0.466732 0.0304796 0.0901669
0 0.658609 0.434843 0.0248955 0.0838253
0 0.389952 0.626375 0.0417976 0.105062
0 0.510412 0.386273 0.0197378 0.0774222
0 0.62094 0.459084 0.0339638 0.0861962
0 0.585474 0.445417 0.0174185 0.0672124
0 0.874708 0.369449 0.0300224 0.0945095
0 0.444921 0.385211 0.0228312 0.0840976
0 0.585398 0.455184 0.0206899 0.089005
0 0.904728 0.28856 0.0196566 0.0801197
0 0.456757 0.343169 0.0187006 0.0838642
0 0.879416 0.301891 0.022537 0.0722083
0 0.454651 0.363289 0.0287539 0.124837
